     0/299     2.25G    0.1069   0.06393   0.02689    0.1977        63       640         0         0  0.000566 0.0001403       0.1   0.05398   0.02424
     1/299     3.21G    0.1014   0.06563   0.02409    0.1911        48       640         0         0 0.0004826 0.0001492   0.09777   0.05462   0.02182
     2/299     3.22G   0.09958    0.0687    0.0224    0.1907        26       640         0         0 0.0005233 0.0001284   0.09817   0.05469   0.02022
     3/299     3.22G   0.09797   0.06862   0.02105    0.1876        50       640         0         0 0.0006112 0.0001187   0.09974   0.05304   0.01865
     4/299     3.22G   0.09781   0.07569   0.02017    0.1937        30       640         0         0 0.0004576  0.000119   0.09869   0.05445   0.01806
     5/299     3.22G   0.09576   0.07416   0.01955    0.1895        27       640         0         0  0.001549 0.0002396     0.101   0.05154   0.01761
     6/299     3.22G   0.09526   0.07123   0.01902    0.1855        38       640         0         0 0.0005916 0.0001489   0.09828   0.05498   0.01676
     7/299     3.22G   0.09523   0.07417   0.01891    0.1883        40       640         0         0 0.0007691 0.0001802   0.09789   0.05487   0.01609
     8/299     3.22G   0.09284   0.07966   0.01883    0.1913        59       640         0         0  0.001132 0.0002913   0.09381   0.05596   0.01572
     9/299     3.22G   0.09088   0.08054   0.01831    0.1897        44       640         0         0   0.00331 0.0008202   0.08749   0.05766   0.01527
    10/299     3.22G   0.08729   0.07295   0.01734    0.1776        40       640         0         0   0.01197  0.003038   0.08951   0.05394   0.01448
    11/299     3.22G   0.08356   0.07139   0.01672    0.1717        37       640   0.02878    0.2444   0.08978   0.02212   0.08317   0.05386   0.01304
    12/299     3.22G   0.07835   0.06337   0.01501    0.1567        22       640   0.03872    0.2691    0.1276   0.03819   0.08053   0.05587   0.01235
    13/299     3.22G   0.07464   0.06342   0.01611    0.1542        55       640   0.01694    0.2937   0.09189   0.02629   0.08573    0.0725   0.01162
    14/299     3.22G   0.07578    0.0639   0.01502    0.1547        20       640   0.02594    0.1996   0.07277    0.0198   0.08426   0.06511   0.01333
    15/299     3.22G   0.07338   0.05893   0.01454    0.1469        36       640   0.07831    0.2422    0.1548   0.05176   0.07284   0.04626   0.01105
    16/299     3.22G    0.0717   0.06076   0.01399    0.1465       116       640   0.07086    0.3702    0.1302   0.03487   0.06542   0.05358   0.00982
    17/299     3.22G   0.06906   0.05906   0.01289     0.141        33       640   0.09566    0.3635    0.1957   0.06482    0.0636   0.04124  0.009258
    18/299     3.22G   0.06964   0.05473   0.01206    0.1364        14       640    0.1317     0.455    0.2288   0.06956   0.05793   0.04367  0.007781
    19/299     3.22G   0.06469   0.05474   0.01116    0.1306        22       640   0.03767    0.2549   0.07877   0.02952   0.07031   0.06508   0.01882
    20/299     3.22G   0.06605   0.05588   0.01085    0.1328        24       640    0.0989    0.3852    0.1563   0.03634   0.07624   0.06616  0.008861
    21/299     3.22G    0.0628   0.05332  0.008951    0.1251        28       640   0.07796    0.5046    0.2363   0.08605   0.05845   0.07172  0.005945
    22/299     3.22G   0.06191   0.05449  0.008139    0.1245        68       640    0.1128    0.5046    0.2252   0.07867   0.05609   0.04685  0.006173
    23/299     3.22G   0.06526   0.04904  0.008461    0.1228        21       640    0.1366     0.523    0.2785   0.06863   0.06109   0.04234  0.006123
    24/299     3.22G   0.06186   0.04906  0.007582    0.1185        28       640    0.1197    0.5828    0.3702    0.1417   0.05108   0.04196  0.006181
    25/299     3.22G   0.06106   0.05136  0.007735    0.1202        21       640    0.1644    0.5355    0.3016     0.093   0.05463   0.03812  0.006984
    26/299     3.22G   0.05817   0.04697  0.007233    0.1124        34       640    0.2349    0.7044    0.4652    0.1979    0.0529   0.03498    0.0044
    27/299     3.22G   0.05637   0.04859  0.006273    0.1112        40       640     0.164    0.7034    0.4801    0.1633   0.05064   0.03831  0.004456
    28/299     3.22G   0.05641   0.04609  0.006438    0.1089        49       640    0.2016    0.5601    0.3487    0.1215    0.0521   0.03737  0.006235
    29/299     3.22G   0.05408    0.0465  0.006831    0.1074        41       640     0.168    0.6208     0.441    0.1943   0.04786   0.04254  0.005005
    30/299     3.22G   0.05288   0.04634  0.005507    0.1047        49       640    0.1967    0.6424    0.4919    0.2038   0.04769   0.03524  0.004719
    31/299     3.22G   0.05053   0.04647  0.006792    0.1038        44       640     0.276    0.6705    0.5232    0.2261   0.04555   0.03373  0.005673
    32/299     3.22G   0.05186   0.04496  0.006318    0.1031        20       640    0.2258    0.6638    0.5718    0.2504   0.04376   0.03653  0.004099
    33/299     3.22G   0.04851   0.04334  0.005308   0.09717        33       640    0.1893     0.752    0.5587    0.2496   0.04107   0.03638  0.005579
    34/299     3.22G   0.04858   0.04459  0.005436   0.09861        24       640    0.2417    0.7373    0.5413    0.2295   0.04404   0.03231  0.005458
    35/299     3.22G   0.04553   0.04345  0.004598   0.09358        57       640    0.3322    0.6763    0.5693    0.2175   0.04495    0.0325  0.005175
    36/299     3.22G   0.04607   0.04159  0.004644   0.09231        38       640    0.3631    0.7204    0.6188    0.2864   0.04079   0.03026  0.003604
    37/299     3.22G   0.04645   0.04186  0.004241   0.09255        12       640     0.383     0.673    0.5798    0.2471   0.04728   0.03197  0.004225
    38/299     3.22G   0.04668   0.03981  0.004741   0.09123        18       640    0.3604    0.6459    0.5903    0.2605   0.04351   0.03062    0.0036
    39/299     3.22G   0.04438   0.03964  0.004085   0.08811        31       640    0.3864    0.7485    0.6392    0.3067   0.04059   0.02961  0.003824
    40/299     3.22G   0.04658    0.0402    0.0042   0.09098        23       640     0.296    0.7575    0.6069    0.2996   0.03864   0.02985  0.003846
    41/299     3.22G   0.04541   0.04116  0.004036    0.0906        75       640     0.395    0.7338    0.6326    0.3034   0.03992   0.02934   0.00357
    42/299     3.22G   0.04359   0.04279  0.004428    0.0908        43       640    0.3137    0.7642     0.654    0.3265   0.03774   0.02966  0.003013
    43/299     3.22G   0.04252   0.03684  0.003701   0.08306        43       640    0.3649    0.7226    0.6091    0.3018    0.0392   0.02951  0.004997
    44/299     3.22G   0.04306   0.04126  0.003951   0.08827        21       640    0.2691    0.8092    0.6582    0.2961     0.038   0.03072  0.002885
    45/299     3.22G   0.04233   0.03862  0.003754   0.08471        48       640    0.3881    0.7598    0.6845    0.3324   0.03798   0.02759  0.003264
    46/299     3.22G    0.0411   0.03809  0.003538   0.08273        59       640    0.4123    0.7201    0.6722    0.3182    0.0398   0.02786  0.002963
    47/299     3.22G   0.04093   0.04005  0.003642   0.08462        91       640    0.3372    0.7755    0.6655    0.3118   0.03776   0.02951   0.00374
    48/299     3.22G   0.04128   0.03815  0.003299   0.08273        16       640    0.3473    0.7348    0.6738    0.3337   0.03514   0.02898  0.003301
    49/299     3.22G   0.04007   0.03925  0.003536   0.08285        67       640    0.5096    0.7553    0.6705    0.3398   0.03693   0.02711  0.003026
    50/299     3.22G    0.0398   0.03913  0.003307   0.08224        36       640    0.4383    0.6728    0.6152     0.309   0.03776   0.02952  0.004171
    51/299     3.22G   0.03849   0.04128  0.002927    0.0827        75       640    0.3716      0.77     0.674     0.326   0.03537    0.0278  0.003744
    52/299     3.22G   0.04025    0.0381  0.002761   0.08111        22       640    0.4826    0.7022    0.6372    0.3159   0.03638   0.02722  0.003152
    53/299     3.22G   0.03834   0.03448  0.002715   0.07553        21       640    0.4025    0.7473    0.6775    0.3365   0.03531   0.02769  0.003209
    54/299     3.22G   0.03855   0.03854  0.003088   0.08018        58       640    0.4285    0.7473    0.6887    0.3197    0.0363   0.02741  0.002701
    55/299     3.22G   0.03817   0.04047  0.003324   0.08196       109       640    0.3077    0.7969    0.6901    0.3198    0.0363   0.02962  0.002717
    56/299     3.22G   0.03789   0.03836   0.00295    0.0792        71       640    0.4564    0.7642    0.6688      0.34   0.03408   0.02711  0.003521
    57/299     3.22G   0.03797   0.03731  0.002959   0.07824        56       640     0.351    0.8285    0.7165    0.3387   0.03399    0.0283  0.003402
    58/299     3.22G   0.03661   0.03867   0.00323   0.07851        29       640    0.3967    0.7563    0.6668      0.32   0.03538   0.02726  0.003671
    59/299     3.22G   0.03627   0.03528  0.003252    0.0748        18       640     0.305    0.8173    0.7144    0.3472   0.03423   0.02896  0.003168
    60/299     3.22G   0.03706   0.03694  0.002906    0.0769        38       640    0.4165    0.7981    0.7312    0.3643   0.03278   0.02723  0.003038
    61/299     3.22G   0.03836   0.03662  0.002901   0.07788        38       640    0.3855    0.7937    0.7046     0.362   0.03246    0.0272  0.004337
    62/299     3.22G   0.03458   0.03271   0.00234   0.06963        22       640    0.3802    0.8049    0.7428    0.3529   0.03537   0.02625   0.00259
    63/299     3.22G   0.03752    0.0346  0.002457   0.07457        33       640    0.3968    0.7914    0.7352     0.364   0.03446   0.02659  0.003178
    64/299     3.22G   0.03675   0.03368  0.002522   0.07295        48       640    0.4885    0.7959    0.6993    0.3384   0.03305   0.02622  0.003637
    65/299     3.22G    0.0361    0.0355  0.002247   0.07385        51       640    0.4546    0.8004    0.7604    0.3654   0.03383   0.02629  0.003142
    66/299     3.22G   0.03405   0.03406  0.002519   0.07062        69       640    0.4624    0.7959    0.7326    0.3674   0.03159   0.02616  0.003436
    67/299     3.22G   0.03547   0.03602  0.002622   0.07412        75       640    0.3888    0.7687    0.7194    0.3803   0.03272   0.02681  0.003452
    68/299     3.22G   0.03567   0.03501  0.002662   0.07334        30       640    0.5289    0.7585    0.7368    0.3781   0.03354   0.02605   0.00271
    69/299     3.22G   0.03415   0.03416  0.002353   0.07067        30       640    0.5122    0.7732    0.7234    0.3568   0.03301    0.0261  0.002228
    70/299     3.22G   0.03477   0.03536  0.002372    0.0725        70       640    0.4577    0.8116    0.7734    0.3659   0.03252   0.02531  0.002371
    71/299     3.22G   0.03427   0.03336  0.002526   0.07015        31       640    0.4184    0.7879    0.7123    0.3641    0.0324   0.02596  0.002831
    72/299     3.22G   0.03391   0.03376  0.002375   0.07004        28       640    0.4465    0.8049    0.7378    0.3633   0.03192   0.02622  0.003354
    73/299     3.22G   0.03423   0.03451  0.002276   0.07102        32       640    0.4224    0.7887    0.6976    0.3653   0.03251   0.02734  0.003619
    74/299     3.22G    0.0347   0.03367   0.00229   0.07067        53       640    0.5413    0.8071    0.7722    0.3773   0.03198   0.02512  0.002505
    75/299     3.22G   0.03383   0.03428  0.002268   0.07037        19       640    0.4732    0.7994    0.7459    0.3844   0.03439   0.02587  0.002771
    76/299     3.22G   0.03369   0.03295  0.002101   0.06874        47       640    0.4459    0.8128    0.7579    0.3909    0.0322   0.02509  0.003052
    77/299     3.22G   0.03223   0.03301   0.00216   0.06739        76       640    0.4512    0.7812    0.7332     0.383   0.03243   0.02584  0.002728
    78/299     3.22G   0.03337   0.03121  0.002172   0.06675        61       640     0.498    0.7937    0.7565    0.3883   0.03271   0.02598  0.002503
    79/299     3.22G   0.03275   0.03133  0.001962   0.06604        26       640    0.5132    0.7722     0.739    0.3722    0.0321   0.02616  0.002983
    80/299     3.22G   0.03213   0.03108  0.001978   0.06519        31       640    0.4898    0.7981     0.748    0.3819   0.03169   0.02545  0.003716
    81/299     3.22G   0.03308   0.03482  0.001886   0.06979        32       640    0.4138    0.7755    0.7338    0.3861   0.03259   0.02528  0.002736
    82/299     3.22G   0.03202   0.03457  0.002179   0.06877        49       640    0.4218    0.7991     0.773    0.3917   0.03243   0.02607  0.002481
    83/299     3.22G   0.03239    0.0309  0.001933   0.06523        32       640    0.4537    0.8196    0.7852    0.4216   0.03221   0.02465  0.002839
    84/299     3.22G   0.03317    0.0307  0.001844   0.06572        27       640    0.4651     0.754    0.7304    0.3895   0.03111   0.02541  0.005682
    85/299     3.22G   0.03259   0.03189  0.002027    0.0665        48       640    0.5841    0.7981    0.7708    0.3963   0.03208   0.02485   0.00252
    86/299     3.22G   0.03164   0.03258  0.001974   0.06619        16       640    0.6161     0.771    0.7898    0.4044   0.03134   0.02477  0.002484
    87/299     3.22G   0.03209   0.03334  0.002008   0.06743        31       640    0.4514    0.8241    0.7864    0.4083   0.03041   0.02481  0.002492
    88/299     3.22G   0.03121   0.03156  0.002005   0.06477        36       640    0.4753    0.7924    0.7731    0.3955   0.03145   0.02467  0.002447
    89/299     3.22G   0.03397   0.03214    0.0019     0.068        27       640    0.4681    0.8298    0.8001    0.4105   0.03226   0.02482  0.002072
    90/299     3.22G   0.03151   0.03014  0.001895   0.06355        37       640     0.477    0.8173    0.7866    0.4264   0.03233   0.02466  0.002766
    91/299     3.22G   0.03097   0.03008  0.001819   0.06288        16       640    0.4864    0.8049    0.7612    0.3969   0.03091   0.02513  0.002999
    92/299     3.22G   0.03153   0.03112  0.001852    0.0645        15       640    0.5273    0.8151    0.7789    0.4095   0.03032   0.02505  0.002244
    93/299     3.22G   0.03077   0.03084  0.001972   0.06358        41       640    0.4857    0.7573    0.7396    0.3915   0.03139   0.02565  0.003062
    94/299     3.22G   0.02998   0.03211  0.001685   0.06377        56       640    0.4692     0.849    0.8009    0.4301   0.03065   0.02462  0.002366
    95/299     3.22G   0.03068   0.03079  0.001886   0.06336        28       640    0.4742    0.8173    0.7824    0.3975   0.03113   0.02466    0.0029
    96/299     3.22G   0.03131   0.03077  0.001727   0.06381        31       640    0.4542    0.7991    0.7595    0.3911   0.03014    0.0254  0.003174
    97/299     3.22G   0.03036   0.03223  0.001669   0.06426        14       640    0.4444    0.8173    0.7698    0.3913   0.03122   0.02537  0.003239
    98/299     3.22G   0.03199   0.03094  0.001832   0.06476        41       640    0.4483     0.833     0.788    0.4098   0.03076   0.02463  0.002599
    99/299     3.22G   0.02983   0.03039  0.001592   0.06181        22       640    0.6319    0.8218    0.8063     0.425   0.02952   0.02459    0.0019
   100/299     3.22G   0.03127   0.03168  0.001721   0.06468        38       640    0.4608    0.8218    0.7963    0.3958   0.03036   0.02464  0.002123
   101/299     3.22G   0.02974   0.03057  0.001702   0.06201        57       640    0.4657    0.7933    0.7625    0.3928   0.03095   0.02503  0.002423
   102/299     3.22G   0.03011   0.03261  0.001784    0.0645        54       640    0.5208    0.8196    0.7893      0.42   0.02991   0.02457   0.00302
   103/299     3.22G   0.03092    0.0303  0.001816   0.06303        48       640    0.4696    0.8071    0.7786     0.405   0.03012   0.02411  0.003039
   104/299     3.22G   0.03111   0.03076  0.001647   0.06351        11       640    0.4577    0.7969    0.7882    0.4048   0.02983   0.02462  0.002294
   105/299     3.22G   0.02967   0.02986  0.001495   0.06102        28       640    0.5718    0.8094    0.7781    0.4172   0.02947   0.02459  0.003169
   106/299     3.22G   0.02953   0.02963   0.00155   0.06071        40       640    0.4618    0.8049     0.771    0.4071   0.03002   0.02464  0.002674
   107/299     3.22G   0.03051    0.0309  0.001418   0.06282        30       640    0.4828    0.7902    0.7513    0.3988   0.03006   0.02527  0.002433
   108/299     3.22G   0.03036   0.03186   0.00147   0.06369        28       640    0.5555    0.8182    0.7737    0.3965   0.03115   0.02497  0.002542
   109/299     3.22G   0.03001   0.03032  0.001606   0.06194        52       640    0.4958    0.8148    0.7927    0.4198   0.03005   0.02413   0.00332
   110/299     3.22G   0.02995   0.02949   0.00149   0.06093        33       640    0.4904    0.8014    0.7928    0.4272   0.02985   0.02405  0.002783
   111/299     3.22G   0.02904   0.02941  0.001463   0.05992        49       640     0.472     0.832    0.7659    0.4068   0.03011   0.02526  0.002371
   112/299     3.22G    0.0288    0.0296  0.001354   0.05976        29       640    0.5665     0.849     0.796    0.4156   0.02986   0.02512   0.00233
   113/299     3.22G   0.02856   0.02965  0.001644   0.05985        38       640    0.5244    0.7969    0.7561    0.4154   0.02969   0.02499  0.002628
   114/299     3.22G   0.02868   0.02989  0.001456   0.06003        31       640    0.5161    0.8148    0.7765    0.4074   0.02992   0.02472  0.002215
   115/299     3.22G   0.03001   0.02979  0.001443   0.06125        28       640     0.513    0.7969    0.7716    0.4033   0.02953   0.02421  0.003187
   116/299     3.22G   0.02983   0.02978  0.001483   0.06109        43       640     0.556     0.763     0.728    0.4116   0.02941   0.02512  0.002885
   117/299     3.22G   0.02778   0.02791  0.001508    0.0572        45       640    0.6035    0.8138    0.7936    0.4198   0.02926   0.02428  0.002625
   118/299     3.22G   0.02883   0.03097  0.001456   0.06126        29       640    0.5175    0.7879    0.7699     0.434    0.0287   0.02396   0.00228
   119/299     3.22G   0.02834   0.03041  0.001303   0.06005        30       640    0.5175    0.8128    0.7906    0.4304   0.02962   0.02433  0.003088
   120/299     3.22G   0.02906   0.03093  0.001589   0.06158        30       640    0.4507    0.8173    0.7691    0.4133   0.02971   0.02452  0.003589
   121/299     3.22G   0.02916   0.02996  0.001298   0.06042        40       640    0.4395    0.8196    0.8047    0.4128   0.02961    0.0243  0.002365
   122/299     3.22G   0.02908   0.03113   0.00141   0.06162        29       640    0.5122    0.8151    0.8117    0.4251   0.03002   0.02433   0.00209
   123/299     3.22G   0.02816   0.02964  0.001152   0.05895        27       640    0.6406     0.849    0.8345    0.4344   0.03006   0.02385  0.002562
   124/299     3.22G   0.02889    0.0278    0.0014   0.05809        21       640    0.4549    0.8196    0.7822    0.4099   0.02957   0.02442  0.002456
   125/299     3.22G   0.02819   0.02832  0.001259   0.05776        22       640    0.5097    0.8049    0.7978     0.424    0.0291   0.02445  0.002857
   126/299     3.22G   0.02847   0.02904  0.001165   0.05867        27       640    0.4378    0.7924    0.7752      0.41   0.02915   0.02479  0.003349
   127/299     3.22G   0.02838    0.0283  0.001196   0.05788        18       640    0.4995    0.8071    0.7768    0.4004   0.03018   0.02497  0.001882
   128/299     3.22G   0.02918   0.02807  0.001366   0.05861        19       640    0.4544    0.8004    0.7656    0.4183    0.0297   0.02482  0.003388
   129/299     3.22G   0.02762   0.02867  0.001359   0.05764        32       640    0.5395    0.8049    0.7808    0.4334   0.02884   0.02416  0.002862
   130/299     3.22G   0.02777   0.02832  0.001258   0.05735        48       640    0.5164    0.7871    0.7665    0.4092   0.03041   0.02533  0.003486
   131/299     3.22G   0.02813   0.02993  0.001226   0.05928        25       640    0.5846    0.8388    0.8039    0.4271   0.02876   0.02453  0.002325
   132/299     3.22G   0.02778   0.03051  0.001267   0.05956        13       640    0.5671    0.8263    0.8009    0.4436   0.02867   0.02408  0.002592
   133/299     3.22G   0.02816   0.02834  0.001302    0.0578        26       640    0.5225     0.798    0.7637    0.4187   0.02903   0.02421  0.003415
   134/299     3.22G   0.02785   0.02791  0.001572   0.05733        18       640    0.5731    0.8365     0.813    0.4269    0.0301   0.02457  0.002015
   135/299     3.22G   0.02707   0.02754  0.001466   0.05608        32       640    0.5699    0.7867    0.7687    0.4179   0.02892   0.02454  0.002347
   136/299     3.22G   0.02802   0.03036   0.00141   0.05979        88       640    0.5459    0.8432    0.8008    0.4327   0.02872   0.02404  0.002378
   137/299     3.22G    0.0281   0.02691 0.0009292   0.05593        32       640    0.5195     0.833    0.7847    0.4101   0.02954    0.0243  0.002875
   138/299     3.22G   0.02702   0.02926  0.001262   0.05754        24       640    0.5202    0.7991    0.7658     0.429    0.0286   0.02407  0.003037
   139/299     3.22G   0.02663   0.02698  0.001327   0.05494        43       640    0.5792    0.7879    0.7832    0.4137   0.02912    0.0242  0.002599
   140/299     3.22G   0.02662   0.02877  0.001273   0.05666        49       640    0.5978    0.7976    0.7929    0.4299   0.02835   0.02416  0.002144
   141/299     3.22G    0.0268   0.02904  0.001109   0.05695        33       640     0.602    0.8253    0.7931    0.4251   0.02804   0.02429  0.002944
   142/299     3.22G   0.02744   0.02757   0.00117   0.05618        23       640    0.5102    0.8455    0.8095    0.4352   0.02812     0.024  0.002333
   143/299     3.22G   0.02667   0.02743  0.001383   0.05549        27       640    0.5398     0.833    0.8188    0.4354   0.02889   0.02432  0.002239
   144/299     3.22G   0.02723   0.02908  0.001449   0.05776        42       640    0.4617    0.8512      0.79     0.433   0.02826   0.02421  0.002901
   145/299     3.22G   0.02641   0.02656  0.001234    0.0542        22       640    0.5307    0.8388    0.8178    0.4555   0.02847   0.02432  0.002616
   146/299     3.22G   0.02643   0.02815  0.001272   0.05586        26       640     0.507    0.8042    0.7962     0.433   0.02891     0.024  0.003756
   147/299     3.22G   0.02805   0.02844  0.001236   0.05773        18       640    0.5673    0.8018    0.8029    0.4355   0.02999   0.02371  0.003282
   148/299     3.22G   0.02616   0.02694  0.001296   0.05439        31       640    0.5598    0.8026    0.7703    0.4244    0.0301   0.02417  0.003959
   149/299     3.22G   0.02726   0.02717  0.001244   0.05568        32       640    0.5636    0.8049    0.7871    0.4518   0.02795   0.02386  0.002827
   150/299     3.22G   0.02578   0.02714  0.001003   0.05393        20       640    0.5284     0.841     0.804     0.446   0.02946   0.02379  0.003384
   151/299     3.22G   0.02565   0.02736 0.0008871   0.05389        37       640    0.5395    0.8049    0.7875    0.4352   0.02926   0.02356  0.003392
   152/299     3.22G   0.02656   0.02689  0.001054    0.0545        31       640    0.6016    0.8026    0.7973    0.4441   0.02988   0.02489  0.002649
   153/299     3.22G   0.02629   0.02681  0.001231   0.05433        29       640    0.5906    0.8196    0.8061    0.4336   0.03002    0.0241  0.002546
   154/299     3.22G   0.02567   0.02645    0.0011   0.05323        60       640    0.5819    0.8218    0.8157    0.4469   0.02877   0.02354   0.00304
   155/299     3.22G   0.02589   0.02708  0.001071   0.05404        32       640    0.5795    0.8241    0.8103    0.4437   0.02914   0.02398  0.003133
   156/299     3.22G   0.02595   0.02857  0.001002   0.05553        31       640    0.5549    0.8147    0.7914    0.4186   0.02983   0.02463  0.003361
   157/299     3.22G   0.02664   0.02664   0.00114   0.05441        51       640    0.5735    0.8218    0.7916    0.4317   0.02995   0.02433  0.003117
   158/299     3.22G   0.02532   0.02634  0.001009   0.05266        26       640    0.5761    0.8388    0.7948    0.4414   0.02954   0.02454  0.003029
   159/299     3.22G   0.02676   0.02668  0.001091   0.05453        33       640    0.5403    0.8298     0.799     0.448   0.02889   0.02461  0.002649
   160/299     3.22G   0.02573   0.02755 0.0009177   0.05419       119       640    0.5629    0.8094    0.7949    0.4435   0.02885   0.02438    0.0031
   161/299     3.22G   0.02542   0.02775  0.001141   0.05432        43       640      0.56    0.8263    0.8079    0.4412   0.02893   0.02456   0.00298
   162/299     3.22G   0.02567   0.02779  0.001116   0.05458        21       640    0.5858    0.8243    0.8111    0.4437   0.02853   0.02465  0.003265
   163/299     3.22G   0.02547   0.02669 0.0008816   0.05305        26       640    0.5801    0.8094    0.7968    0.4329   0.02891    0.0244  0.003601
   164/299     3.22G   0.02502   0.02641 0.0009964   0.05243        34       640    0.5659    0.8263    0.8179    0.4469   0.02947   0.02394  0.002699
   165/299     3.22G   0.02621   0.02749  0.001235   0.05494        52       640    0.5821    0.8218    0.8076      0.45   0.02891   0.02371   0.00259
   166/299     3.22G   0.02577   0.02725  0.001016   0.05403        38       640     0.552    0.8138    0.8182    0.4458    0.0283   0.02384  0.002802
   167/299     3.22G   0.02567   0.02694  0.001031   0.05364        22       640    0.5153    0.8263    0.8159    0.4623   0.02844   0.02404  0.002949
   168/299     3.22G   0.02461   0.02553 0.0009229   0.05106        49       640    0.6073     0.841    0.8223    0.4558   0.02811   0.02391  0.002744
   169/299     3.22G   0.02545   0.02739  0.001086   0.05393        60       640    0.5421     0.832    0.8127    0.4474   0.02721   0.02426  0.003701
   170/299     3.22G   0.02462   0.02616   0.00103   0.05181        27       640    0.6325    0.8557     0.839    0.4569   0.02733   0.02393   0.00276
   171/299     3.22G   0.02584    0.0267   0.00118   0.05372        33       640    0.5529    0.8285    0.8254    0.4528   0.02829   0.02389   0.00297
   172/299     3.22G   0.02551   0.02656   0.00116   0.05322        48       640    0.5229    0.8196    0.8193    0.4553   0.02842   0.02482  0.002688
   173/299     3.22G   0.02489   0.02643 0.0009888   0.05232        23       640    0.5547     0.841    0.8062    0.4386   0.02947   0.02447  0.002656
   174/299     3.22G   0.02499   0.02603 0.0009608   0.05197        33       640    0.5905    0.7564     0.798    0.4522   0.02858   0.02471  0.002635
   175/299     3.22G   0.02515   0.02562 0.0009856   0.05175        12       640    0.6295     0.763     0.785     0.441   0.02867   0.02442  0.003061
   176/299     3.22G   0.02519   0.02715   0.00103   0.05337        13       640    0.5645    0.8241    0.8138    0.4508   0.02875   0.02489  0.003316
   177/299     3.22G   0.02465   0.02713 0.0008735   0.05265        49       640    0.5746     0.833    0.8209    0.4513   0.02834   0.02441  0.002488
   178/299     3.22G   0.02492    0.0265 0.0009564   0.05238        30       640     0.599    0.7991    0.7956    0.4372    0.0288   0.02508  0.002968
   179/299     3.22G    0.0249   0.02677  0.001024    0.0527        73       640    0.5309    0.8071    0.8081    0.4454    0.0291   0.02429   0.00345
   180/299     3.22G   0.02451   0.02593 0.0009167   0.05136        18       640    0.5707    0.8353    0.8234    0.4486   0.02853   0.02378  0.003073
   181/299     3.22G   0.02432    0.0258 0.0009449   0.05106        33       640    0.5881    0.7902    0.7845    0.4451   0.02905   0.02409  0.003469
   182/299     3.22G   0.02438   0.02569  0.001044   0.05112        57       640    0.5445    0.7969    0.7957     0.449   0.02964   0.02399  0.003155
   183/299     3.22G   0.02395   0.02446 0.0008217   0.04923        37       640    0.5149    0.8557    0.8116    0.4353   0.02959    0.0243  0.003275
   184/299     3.22G   0.02461   0.02551 0.0009132   0.05103        23       640    0.5661    0.7969    0.7704    0.4242   0.03052    0.0243  0.004085
   185/299     3.22G    0.0242   0.02634  0.001104   0.05165        39       640    0.6168    0.8241    0.7862    0.4208   0.02945   0.02419   0.00432
   186/299     3.22G   0.02385   0.02566  0.001014   0.05052        28       640    0.5907    0.8343    0.8196    0.4505   0.02945   0.02357  0.002997
   187/299     3.22G   0.02387   0.02477  0.001031   0.04967        15       640    0.5653    0.8535    0.8366    0.4614   0.02915   0.02428  0.003465
   188/299     3.22G   0.02448   0.02571  0.000881   0.05107        25       640    0.5751      0.85    0.8475    0.4614   0.02882   0.02388  0.002619
   189/299     3.22G   0.02375   0.02441  0.001037    0.0492        22       640    0.5857    0.8704     0.849    0.4685   0.02806   0.02361   0.00286
   190/299     3.22G   0.02329   0.02442 0.0009576   0.04866        34       640    0.5796    0.8049    0.8196    0.4521   0.02924     0.025   0.00249
   191/299     3.22G   0.02376   0.02655 0.0008863    0.0512        36       640    0.5826    0.8263    0.8049    0.4485   0.02896   0.02455  0.003152
   192/299     3.22G   0.02363   0.02629 0.0008055   0.05073        31       640    0.5976    0.8522    0.8423    0.4449   0.02947   0.02451  0.002498
   193/299     3.22G   0.02411   0.02649 0.0008317   0.05143        28       640    0.6162    0.8455      0.84    0.4668   0.02899   0.02397  0.002358
   194/299     3.22G   0.02362   0.02606 0.0008196    0.0505        42       640    0.5897    0.8183    0.8219    0.4675   0.02909   0.02434  0.002844
   195/299     3.22G    0.0238   0.02609 0.0006942   0.05058        36       640    0.6025    0.8116    0.8209    0.4589   0.02935   0.02396  0.002415
   196/299     3.22G   0.02374   0.02601 0.0009291   0.05068        32       640    0.5638     0.833    0.8261    0.4572   0.02841   0.02419  0.003089
   197/299     3.22G   0.02379   0.02619 0.0008226    0.0508        55       640    0.6379    0.8116    0.8203    0.4503   0.02911   0.02444  0.002591
   198/299     3.22G   0.02327   0.02491 0.0006856   0.04886        33       640    0.6404    0.8116    0.8095    0.4627   0.02919   0.02459  0.002452
   199/299     3.22G   0.02321   0.02515  0.000888   0.04925        30       640     0.582    0.8071    0.7808    0.4435   0.02895   0.02486  0.002577
   200/299     3.22G   0.02349   0.02617  0.000894   0.05055        28       640    0.6132    0.8241    0.8311    0.4491   0.02874   0.02429  0.001892
   201/299     3.22G   0.02301   0.02381 0.0009127   0.04773        21       640    0.6007    0.8263    0.8057    0.4461   0.02874   0.02432  0.002146
   202/299     3.22G   0.02326   0.02531  0.001162   0.04973        32       640    0.5855    0.7937    0.7828    0.4269   0.03001   0.02521  0.003111
   203/299     3.22G   0.02321   0.02491   0.00072   0.04884        35       640    0.6091    0.8049    0.7927    0.4408   0.02875   0.02445  0.002664
   204/299     3.22G   0.02444   0.02707 0.0009365   0.05245        43       640    0.5988    0.8094    0.8015    0.4482   0.02903   0.02452  0.002081
   205/299     3.22G   0.02352   0.02564 0.0009774   0.05014        33       640    0.6077    0.8071    0.8133    0.4517   0.02845   0.02414   0.00222
   206/299     3.22G   0.02329   0.02387 0.0008623   0.04802        14       640    0.5806    0.8263    0.8185    0.4636   0.02805   0.02476  0.001922
   207/299     3.22G   0.02335   0.02464   0.00104   0.04904        17       640    0.5762     0.841    0.8366    0.4615   0.02857   0.02473  0.002274
   208/299     3.22G   0.02348   0.02506 0.0007317   0.04927        34       640    0.6216    0.8049    0.7997    0.4416   0.02931   0.02474  0.002171
   209/299     3.22G    0.0233   0.02498 0.0007923   0.04907        38       640    0.6019    0.8308    0.8367    0.4632   0.02882   0.02425  0.002356
   210/299     3.22G   0.02322   0.02506 0.0008835   0.04916        29       640    0.5367    0.8138    0.8123    0.4515   0.02862   0.02416  0.002697
   211/299     3.22G   0.02307   0.02451 0.0008094   0.04839        45       640    0.5374    0.8218    0.8136    0.4405   0.02969   0.02466  0.002929
   212/299     3.22G   0.02286   0.02423 0.0009014     0.048        33       640    0.5272    0.8218    0.8053    0.4497   0.02874   0.02462  0.003088
   213/299     3.22G   0.02312   0.02434 0.0007454   0.04821        32       640    0.6043    0.8308    0.8245    0.4557   0.02836   0.02473   0.00228
   214/299     3.22G   0.02283   0.02421 0.0006534   0.04769        35       640    0.5826    0.8285    0.8294    0.4655   0.02826   0.02442  0.002352
   215/299     3.22G   0.02316   0.02671 0.0008349    0.0507        58       640    0.5327    0.8308    0.8005    0.4414    0.0287   0.02483  0.002829
   216/299     3.22G   0.02297   0.02632 0.0008326   0.05012        57       640    0.5532    0.8196    0.7959    0.4608   0.02855   0.02491  0.002819
   217/299     3.22G    0.0229    0.0239 0.0008298   0.04763        40       640    0.5613    0.8094    0.8118    0.4579   0.02867   0.02501  0.002827
   218/299     3.22G    0.0228    0.0252 0.0009076    0.0489        27       640    0.5838    0.8241    0.8249    0.4674   0.02822   0.02438  0.002884
   219/299     3.22G   0.02258   0.02412 0.0008537   0.04756        45       640    0.5748    0.8241    0.8325    0.4576   0.02893   0.02505  0.003023
   220/299     3.22G    0.0227   0.02453 0.0008116   0.04805        29       640    0.5822    0.8183     0.814    0.4483   0.02886   0.02507  0.003175
   221/299     3.22G   0.02286   0.02555 0.0007578   0.04917        42       640    0.5776    0.7991    0.7832    0.4528   0.02859   0.02476  0.002742
   222/299     3.22G   0.02228   0.02447 0.0007022   0.04745        21       640    0.6274    0.8067     0.789    0.4455   0.02837   0.02522  0.002122
   223/299     3.22G   0.02235   0.02278 0.0007544   0.04588        34       640    0.5554    0.8455    0.8314    0.4506   0.02921   0.02502  0.001925
   224/299     3.22G   0.02255   0.02518 0.0007534   0.04849        20       640    0.6342    0.8512    0.8334    0.4527   0.02944   0.02495  0.001935
   225/299     3.22G   0.02236   0.02391 0.0007437   0.04702        71       640    0.6111    0.8343    0.8166    0.4566   0.02929   0.02515  0.002269
   226/299     3.22G   0.02255   0.02434 0.0007989   0.04769        29       640     0.621     0.841    0.8059    0.4544   0.02942   0.02513  0.002524
   227/299     3.22G   0.02219   0.02344   0.00091   0.04654        18       640    0.5719    0.8455     0.809    0.4408   0.02965   0.02526  0.003157
   228/299     3.22G   0.02247   0.02598 0.0007792   0.04922        33       640    0.5987    0.8624    0.8385    0.4727   0.02947   0.02507  0.002459
   229/299     3.22G   0.02217   0.02298 0.0009216   0.04607        31       640     0.611    0.8285    0.8201    0.4593   0.02919   0.02456   0.00235
   230/299     3.22G    0.0219   0.02467 0.0007213    0.0473        91       640    0.6574    0.8308    0.8226    0.4453    0.0292   0.02471  0.002105
   231/299     3.22G   0.02225   0.02528 0.0006436   0.04818        32       640    0.6263    0.8353     0.826     0.445     0.029   0.02456  0.001957
   232/299     3.22G   0.02216   0.02381 0.0008543   0.04683        30       640    0.5973    0.8477    0.8343    0.4496   0.02939   0.02505  0.002031
   233/299     3.22G   0.02236   0.02448 0.0006948   0.04753        28       640     0.603    0.8251     0.809    0.4591    0.0288   0.02534  0.002703
   234/299     3.22G   0.02189   0.02381 0.0008527   0.04655        29       640    0.6114    0.8071    0.8145    0.4526   0.02842   0.02587  0.002555
   235/299     3.22G   0.02183   0.02449 0.0006844     0.047        31       640    0.6025    0.8173    0.8053    0.4436   0.02922   0.02528  0.002762
   236/299     3.22G   0.02128   0.02353 0.0006443   0.04546        35       640    0.6121    0.8624    0.8155     0.467   0.02826   0.02495  0.002457
   237/299     3.22G   0.02181   0.02348 0.0005903   0.04588        33       640    0.5868    0.8455    0.8222    0.4678   0.02789    0.0246  0.002153
   238/299     3.22G   0.02148   0.02308 0.0006382    0.0452        44       640     0.589    0.8049    0.8167    0.4621   0.02847   0.02498  0.002667
   239/299     3.22G   0.02164   0.02434 0.0007472   0.04672        37       640    0.5942    0.8224    0.8181     0.456   0.02888   0.02519   0.00257
   240/299     3.22G   0.02205   0.02329 0.0006868   0.04603        34       640    0.6086    0.8308    0.8195    0.4636   0.02893   0.02543  0.002078
   241/299     3.22G   0.02209    0.0263 0.0007342   0.04913        87       640    0.6268    0.8116    0.8171    0.4606    0.0287   0.02545  0.002201
   242/299     3.22G   0.02156   0.02321 0.0005976   0.04537        23       640    0.6406    0.8071     0.816    0.4524   0.02824   0.02579  0.002432
   243/299     3.22G   0.02186   0.02444 0.0006728   0.04697        58       640    0.6189    0.8259    0.8202    0.4435   0.02861   0.02553  0.002458
   244/299     3.22G    0.0218   0.02401 0.0007085   0.04652        34       640    0.6315    0.8582    0.8492    0.4588   0.02812   0.02473  0.002139
   245/299     3.22G   0.02197   0.02311 0.0007377   0.04582        35       640    0.6617    0.8344    0.8406    0.4542   0.02822   0.02482  0.002038
   246/299     3.22G   0.02147   0.02266 0.0007883   0.04493        39       640    0.6145    0.8343     0.832    0.4579    0.0283   0.02498  0.002514
   247/299     3.22G   0.02183   0.02373 0.0007641   0.04632        39       640    0.6482    0.8388    0.8138    0.4559   0.02852   0.02492  0.002768
   248/299     3.22G   0.02167   0.02232 0.0007145    0.0447        14       640    0.6333    0.8196    0.8152    0.4592   0.02878   0.02513  0.002077
   249/299     3.22G   0.02155   0.02298   0.00083   0.04536        22       640    0.6393    0.8218    0.8192    0.4646   0.02867   0.02483  0.001847
   250/299     3.22G   0.02086   0.02278 0.0006614    0.0443        33       640    0.6196    0.8206    0.7981    0.4505   0.02847   0.02431  0.002543
   251/299     3.22G   0.02141   0.02245 0.0006813   0.04454        30       640    0.6121    0.8432     0.813    0.4454    0.0288   0.02426  0.002567
   252/299     3.22G   0.02172    0.0241 0.0006511   0.04647        28       640    0.6069    0.8241    0.7916    0.4451   0.02819   0.02458  0.003711
   253/299     3.22G   0.02188   0.02287 0.0007798   0.04552        30       640    0.6145     0.858    0.8234    0.4634   0.02805   0.02441  0.003013
   254/299     3.22G    0.0221   0.02503 0.0006942   0.04783        74       640    0.6299     0.833    0.8142    0.4587   0.02823   0.02448  0.002178
   255/299     3.22G   0.02186   0.02412 0.0007703   0.04675         9       640    0.6327    0.8241    0.8089    0.4575   0.02851   0.02465  0.002608
   256/299     3.22G   0.02143   0.02352 0.0008642   0.04581        53       640    0.6347    0.8432    0.8137    0.4498   0.02865   0.02477  0.003148
   257/299     3.22G   0.02145   0.02223 0.0006666   0.04435        30       640    0.5925    0.8241    0.8141    0.4551   0.02839   0.02527  0.002955
   258/299     3.22G   0.02135   0.02321 0.0007351    0.0453        18       640    0.6261    0.8218    0.8321    0.4647   0.02833   0.02479  0.002502
   259/299     3.22G   0.02127   0.02525 0.0007717    0.0473        53       640    0.6381    0.8263    0.8331     0.464   0.02852   0.02459  0.002371
   260/299     3.22G   0.02119   0.02132 0.0006837   0.04319        27       640    0.6416    0.8263    0.8279    0.4576   0.02905    0.0249  0.002432
   261/299     3.22G   0.02117   0.02245 0.0005373   0.04417        34       640    0.6631     0.833    0.8152    0.4527   0.02869   0.02462  0.002581
   262/299     3.22G   0.02148   0.02332 0.0006827   0.04548        33       640    0.6048    0.8455    0.8286    0.4553   0.02911   0.02432  0.002793
   263/299     3.22G   0.02139   0.02399 0.0006534   0.04604        94       640     0.619    0.8455    0.8161    0.4679   0.02889   0.02455  0.002681
   264/299     3.22G   0.02089    0.0231 0.0006659   0.04466        30       640    0.6109      0.85    0.8211    0.4594   0.02884   0.02473  0.003042
   265/299     3.22G   0.02146   0.02495 0.0006744   0.04708        16       640    0.6259     0.841    0.8295    0.4664   0.02828   0.02458    0.0025
   266/299     3.22G   0.02119   0.02244 0.0007422   0.04437        15       640     0.612    0.8285    0.8175    0.4666   0.02816   0.02437  0.002631
   267/299     3.22G   0.02137   0.02381 0.0006664   0.04584        20       640    0.6071    0.8195    0.8144     0.464   0.02824   0.02526    0.0028
   268/299     3.22G   0.02103   0.02282 0.0005857   0.04444        34       640    0.6241    0.8263    0.8034    0.4518   0.02861   0.02524  0.002868
   269/299     3.22G   0.02114   0.02356 0.0006025   0.04531        41       640    0.6061    0.8477    0.8122    0.4523   0.02824    0.0251  0.002864
   270/299     3.22G    0.0213   0.02225 0.0008387   0.04439        26       640    0.5991    0.8263    0.8103    0.4545    0.0281   0.02524     0.003
   271/299     3.22G    0.0211   0.02298 0.0005925   0.04468        19       640    0.6022    0.8308    0.8188    0.4665   0.02824   0.02474   0.00284
   272/299     3.22G   0.02045   0.02205 0.0006385   0.04314        30       640    0.6356     0.833    0.8132    0.4574   0.02806   0.02457  0.002751
   273/299     3.22G   0.02148   0.02448 0.0006787   0.04664        45       640    0.6489      0.85    0.8312    0.4691   0.02805   0.02461  0.002263
   274/299     3.22G   0.02096   0.02254 0.0006819   0.04418        18       640    0.6663    0.8432    0.8384    0.4741   0.02806   0.02458  0.002241
   275/299     3.22G   0.02118   0.02294 0.0007698   0.04489        36       640    0.5897     0.833    0.8144    0.4594   0.02897   0.02482  0.002728
   276/299     3.22G   0.02099   0.02264 0.0007508   0.04438        42       640    0.6583    0.8353    0.8188     0.456   0.02916   0.02481  0.002435
   277/299     3.22G   0.02071   0.02294 0.0006425   0.04429        43       640    0.6655    0.8308    0.8301     0.463   0.02879   0.02511  0.002379
   278/299     3.22G   0.02113   0.02296 0.0006577   0.04474        39       640     0.661    0.8522    0.8234    0.4623   0.02846   0.02483  0.002456
   279/299     3.22G    0.0209   0.02407 0.0007147   0.04568        41       640    0.6339    0.8477    0.8237    0.4601   0.02881   0.02504  0.002647
   280/299     3.22G   0.02079   0.02244 0.0006982   0.04393        25       640    0.6284      0.85     0.818    0.4586   0.02863   0.02533  0.002782
   281/299     3.22G   0.02082    0.0235 0.0006595   0.04498        18       640    0.6697     0.841    0.8286    0.4643   0.02894   0.02549  0.002417
   282/299     3.22G   0.02102   0.02265 0.0006516   0.04432        59       640    0.6757    0.8263    0.8166    0.4552   0.02859   0.02544  0.002535
   283/299     3.22G   0.02073   0.02283 0.0005375    0.0441        37       640     0.657    0.7991    0.8099    0.4504   0.02889   0.02542  0.002507
   284/299     3.22G   0.02072   0.02231 0.0006038   0.04363        23       640    0.6563    0.8241    0.8177    0.4571   0.02893   0.02494  0.002649
   285/299     3.22G   0.02071   0.02325 0.0006446    0.0446        65       640    0.6433    0.8477     0.841    0.4706   0.02888   0.02452  0.002446
   286/299     3.22G   0.02095   0.02306 0.0006047   0.04461        65       640    0.6316    0.8398    0.8489    0.4815   0.02826   0.02475  0.002272
   287/299     3.22G   0.02052   0.02226 0.0007422   0.04352        27       640    0.6374    0.8477    0.8244    0.4671   0.02838   0.02546  0.002392
   288/299     3.22G   0.02081   0.02374 0.0006905   0.04524        40       640    0.6691    0.8469    0.8355    0.4689   0.02837   0.02544  0.002396
   289/299     3.22G   0.02087   0.02341 0.0007278   0.04501        24       640    0.6148     0.841    0.8262     0.456   0.02893   0.02519  0.002897
   290/299     3.22G   0.02039   0.02115 0.0006685   0.04221        30       640    0.6077    0.8432    0.8337     0.468    0.0285   0.02512  0.002613
   291/299     3.22G   0.02073   0.02174 0.0006872   0.04316        13       640    0.6486     0.833    0.8353    0.4647   0.02876   0.02516  0.002244
   292/299     3.22G    0.0206   0.02328 0.0006372   0.04452        25       640      0.63    0.8455    0.8292    0.4635   0.02887   0.02466  0.002887
   293/299     3.22G   0.02027    0.0216 0.0008826   0.04276        21       640    0.6184    0.8477     0.828    0.4546   0.02955   0.02482  0.003589
   294/299     3.22G   0.02081   0.02329 0.0008718   0.04497        20       640    0.6479    0.8241    0.8083    0.4575   0.02919   0.02482  0.003252
   295/299     3.22G   0.02085    0.0233 0.0006034   0.04475        28       640    0.6936    0.8429    0.8315    0.4669   0.02872   0.02501  0.002206
   296/299     3.22G   0.02117   0.02289 0.0006957   0.04475        14       640    0.6725    0.8094    0.8335    0.4695   0.02815    0.0251  0.002354
   297/299     3.22G   0.02102   0.02463 0.0007844   0.04644        40       640    0.6823    0.8218    0.8035    0.4469    0.0279   0.02517     0.003
   298/299     3.22G   0.02011   0.02108 0.0006436   0.04183        25       640    0.6513    0.8602    0.8115    0.4599   0.02799   0.02495  0.003063
   299/299     3.22G   0.02058   0.02313 0.0008036   0.04452        28       640    0.6579    0.8432    0.8213    0.4669   0.02809   0.02469   0.00283
